1 0.047363
2 0.059532
3 0.075722
6 0.089554
4 0.093697
7 0.107758
9 0.130112
10 0.144287
8 0.150375
14 0.188736
11 0.190804
12 0.192841
16 0.216042
17 0.230118
18 0.244270
15 0.249199
19 0.263390
20 0.277496
21 0.291588
25 0.324875
26 0.343987
23 0.345947
22 0.348030
27 0.362846
5 0.368134
28 0.376877
30 0.390923
32 0.411049
33 0.425179
34 0.446327
35 0.460449
36 0.474518
29 0.475548
38 0.500763
31 0.511353
39 0.516853
41 0.538063
37 0.538971
43 0.559113
40 0.560158
44 0.574219
46 0.601456
45 0.610512
48 0.624611
47 0.630661
49 0.644745
42 0.656082
50 0.658829
51 0.672928
53 0.695091
55 0.709229
56 0.727341
52 0.729340
57 0.743416
58 0.757492
60 0.780701
61 0.794777
54 0.800011
62 0.808899
59 0.813919
63 0.828041
64 0.842133
66 0.856239
68 0.880447
69 0.894554
67 0.912651
70 0.926727
71 0.940865
72 0.954910
73 0.980141
74 0.994171
75 1.011360
76 1.025429
77 1.039536
65 1.045570
80 1.077797
78 1.079811
79 1.120110
82 1.122162
83 1.124123
84 1.138237
87 1.174538
88 1.188637
86 1.192619
85 1.194679
89 1.208710
90 1.222801
93 1.261162
81 1.271164
94 1.275230
91 1.276192
92 1.279221
13 1.287033
95 1.293259
96 1.307419
97 1.321518
100 1.346710
101 1.360779
98 1.375870
103 1.389999
102 1.391960
104 1.406090
106 1.431320
108 1.455513
105 1.458519
110 1.472633
107 1.476646
111 1.490723
113 1.516930
112 1.530014
115 1.544136
116 1.558212
114 1.561241
119 1.588478
118 1.589417
122 1.626686
120 1.641830
121 1.644859
123 1.645813
125 1.659943
126 1.699249
127 1.701256
128 1.714333
129 1.739548
130 1.742531
131 1.744499
132 1.758652
133 1.772751
137 1.807991
138 1.825020
135 1.826996
134 1.829041
109 1.841049
139 1.843147
117 1.883560
144 1.892036
142 1.898003
141 1.900040
147 1.914726
150 1.961105
148 1.967110
149 1.971169
151 2.005455
152 2.020569
153 2.056816
157 2.066849
156 2.069229
140 2.080742
99 2.083710
158 2.090134
143 2.101685
155 2.109665
136 2.113686
160 2.113716
162 2.141983
124 2.150177
164 2.159103
167 2.163170
146 2.165253
168 2.177170
172 2.207291
171 2.213425
173 2.229164
175 2.254066
174 2.272820
176 2.274765
178 2.288757
145 2.289963
179 2.319000
180 2.334129
182 2.335114
183 2.350685
185 2.379082
184 2.390144
186 2.394173
187 2.408249
163 2.420311
189 2.424911
159 2.437004
191 2.451126
188 2.454117
193 2.468224
181 2.493187
166 2.502228
196 2.502426
195 2.504623
197 2.518623
169 2.523369
194 2.524612
170 2.532318
201 2.551834
200 2.558861
203 2.572960
208 2.606216
202 2.608398
207 2.609230
209 2.623337
165 2.623436
210 2.637398
212 2.651505
213 2.672668
215 2.686729
199 2.701874
216 2.706894
211 2.707901
218 2.722023
217 2.736130
219 2.750244
222 2.772385
223 2.786514
221 2.792549
224 2.806656
177 2.814270
227 2.820724
192 2.829285
154 2.832474
226 2.834778
230 2.858002
198 2.862762
204 2.868774
231 2.872078
233 2.890266
229 2.891190
235 2.905258
220 2.911171
240 2.941536
238 2.943626
239 2.947670
190 2.956535
242 2.961693
243 2.997971
247 3.012123
245 3.016228
244 3.018135
248 3.032219
232 3.050354
249 3.076385
251 3.079437
250 3.083382
253 3.120773
255 3.134712
256 3.138710
161 3.156563
254 3.164703
257 3.166740
259 3.185364
262 3.232483
261 3.233414
263 3.236397
252 3.310829
266 3.312531
265 3.315536
264 3.316422
234 3.331879
214 3.334816
236 3.343819
269 3.349564
241 3.361824
270 3.363693
205 3.364983
268 3.366684
206 3.367966
246 3.380089
274 3.380791
228 3.386024
277 3.394867
278 3.422150
258 3.423073
281 3.424065
283 3.438156
285 3.459877
287 3.498177
288 3.512283
284 3.514343
286 3.516396
237 3.518318
290 3.537216
292 3.551254
293 3.573372
291 3.588478
275 3.590965
295 3.602554
294 3.607605
296 3.621696
300 3.658951
298 3.661995
301 3.677391
299 3.681458
302 3.699020
305 3.731300
289 3.736557
303 3.746384
304 3.751442
306 3.755524
307 3.769493
310 3.813522
309 3.817612
312 3.831612
311 3.834709
314 3.859810
313 3.884010
276 3.887787
315 3.888084
316 3.891029
280 3.902809
317 3.905151
267 3.917938
272 3.930008
321 3.949356
320 3.952232
324 3.966339
322 3.968369
273 3.969238
326 3.982422
260 3.987526
329 4.021370
328 4.036491
330 4.038513
333 4.039459
335 4.056190
297 4.067261
271 4.113754
308 4.130806
336 4.132515
339 4.133446
338 4.134377
337 4.136887
279 4.206917
346 4.208519
345 4.209518
344 4.214645
343 4.217621
282 4.233902
348 4.234550
347 4.248550
352 4.283836
351 4.287857
350 4.290840
354 4.304932
356 4.329163
355 4.333282
358 4.359383
357 4.361298
331 4.373146
360 4.386673
359 4.402695
318 4.403412
363 4.428993
362 4.430855
366 4.457077
368 4.471191
367 4.473289
327 4.482040
369 4.487328
332 4.503105
372 4.518036
371 4.519012
373 4.533051
376 4.567154
375 4.568047
377 4.586044
378 4.608879
340 4.614983
380 4.636108
379 4.637131
381 4.651215
383 4.665253
384 4.679390
364 4.687584
385 4.693481
386 4.710434
361 4.711418
387 4.725487
389 4.739594
390 4.753647
392 4.767799
391 4.781914
370 4.790321
24 4.800026
394 4.800133
323 4.800163
393 4.810028
396 4.834251
399 4.848351
395 4.852455
401 4.866470
382 4.881615
402 4.883141
404 4.908318
403 4.923401
407 4.937477
408 4.951584
405 4.953598
398 4.954483
374 4.960342
319 4.990562
412 4.990891
409 4.991913
365 4.993629
353 5.002739
325 5.005707
413 5.005966
411 5.010048
417 5.039032
422 5.066254
421 5.069229
423 5.083344
410 5.099091
425 5.120636
424 5.122643
429 5.164902
426 5.167023
428 5.167915
430 5.182030
406 5.214149
432 5.227249
349 5.235313
434 5.253426
431 5.257561
433 5.259445
400 5.280670
342 5.283661
435 5.284630
438 5.298714
437 5.301735
415 5.304657
440 5.327972
439 5.329948
225 5.338669
445 5.355164
334 5.362503
444 5.371269
448 5.385368
447 5.386353
414 5.398476
450 5.400459
453 5.439888
452 5.440735
456 5.454788
454 5.456970
457 5.483025
458 5.485146
460 5.499100
419 5.526024
461 5.536469
459 5.540497
462 5.541435
463 5.555542
465 5.583481
418 5.586525
466 5.595512
468 5.609619
467 5.612564
469 5.630516
427 5.631752
470 5.644592
473 5.658707
476 5.683907
475 5.698029
446 5.701385
477 5.714142
479 5.728249
449 5.731705
478 5.742363
388 5.743782
481 5.756424
484 5.771301
483 5.785347
486 5.800179
436 5.804268
487 5.814240
489 5.828316
488 5.842392
491 5.856544
492 5.870628
493 5.884773
494 5.907364
495 5.921486
496 5.935600
497 5.949669
472 5.954575
498 5.968674
499 5.982674
455 5.994629
501 5.996872
500 6.010979
441 6.018967
474 6.024826
503 6.037125
502 6.039314
442 6.042870
443 6.051964
506 6.053284
416 6.060966
464 6.066917
505 6.067390
510 6.081459
397 6.085106
513 6.104660
516 6.120750
420 6.130318
517 6.136871
509 6.137848
519 6.152000
520 6.166084
522 6.189903
524 6.204041
523 6.209038
525 6.223152
526 6.239944
528 6.254051
530 6.278244
529 6.292374
527 6.296524
531 6.310432
482 6.321114
533 6.324585
532 6.338608
535 6.363808
538 6.377861
490 6.387398
508 6.390388
537 6.391968
534 6.394943
512 6.414505
540 6.423248
543 6.437393
545 6.462563
514 6.463051
546 6.476715
544 6.479713
547 6.493820
548 6.507904
550 6.534126
552 6.548203
551 6.550224
511 6.553650
553 6.564301
554 6.578423
555 6.592522
542 6.596001
471 6.601982
558 6.617645
559 6.631798
556 6.634804
515 6.647331
562 6.648926
565 6.670753
563 6.693970
485 6.695694
567 6.712097
564 6.713081
568 6.727173
569 6.741272
571 6.755386
341 6.775040
573 6.779587
574 6.793625
572 6.797600
576 6.811798
577 6.825905
561 6.834793
480 6.853065
581 6.877800
579 6.879875
578 6.881790
580 6.883865
584 6.902702
507 6.910355
504 6.922318
588 6.954643
587 6.961525
586 6.965591
585 6.969620
451 6.995285
593 7.001587
591 7.012657
592 7.029747
594 7.032761
539 7.056473
597 7.059578
596 7.062637
541 7.086815
598 7.087418
599 7.105537
560 7.107826
602 7.119675
601 7.121628
604 7.144958
608 7.171043
605 7.176079
583 7.177345
607 7.178101
609 7.192284
570 7.201622
536 7.204460
613 7.238312
612 7.242332
611 7.243286
557 7.265083
566 7.271019
619 7.291710
618 7.296677
617 7.297638
622 7.315010
616 7.316040
624 7.357384
626 7.380577
625 7.382561
623 7.387527
627 7.417488
590 7.425049
629 7.431580
628 7.433617
518 7.455452
633 7.471855
631 7.488976
632 7.489967
635 7.504799
636 7.518860
614 7.527924
638 7.556801
637 7.560837
639 7.561829
640 7.575928
644 7.601082
521 7.604576
643 7.615257
642 7.618256
589 7.627670
645 7.632370
615 7.642685
646 7.646446
549 7.658737
649 7.660637
650 7.685699
653 7.699829
648 7.702805
620 7.709175
655 7.716957
656 7.731049
582 7.742462
658 7.757278
657 7.759323
595 7.763657
660 7.773354
661 7.787437
663 7.801498
665 7.815651
668 7.841866
667 7.855995
664 7.857971
621 7.866516
669 7.872070
641 7.887695
575 7.894424
671 7.899254
600 7.899734
672 7.913307
670 7.914352
674 7.928474
677 7.942688
680 7.956680
679 7.970734
681 7.984894
682 7.998955
684 8.013084
603 8.026802
683 8.027145
686 8.041298
685 8.055359
688 8.069473
687 8.083527
690 8.097626
691 8.111702
692 8.125847
652 8.135674
693 8.139961
654 8.147697
694 8.154068
695 8.168190
696 8.182289
634 8.187042
698 8.196426
700 8.210533
701 8.224602
662 8.238380
702 8.238655
704 8.252800
675 8.253410
651 8.256424
705 8.266861
707 8.280983
708 8.295097
709 8.309196
659 8.319931
712 8.323318
713 8.337425
630 8.337791
714 8.351494
606 8.362099
715 8.365555
718 8.379700
717 8.393799
678 8.407265
720 8.407928
610 8.411507
666 8.413139
721 8.422005
723 8.436104
725 8.450211
726 8.464264
730 8.478401
729 8.492538
647 8.504967
731 8.506630
697 8.507019
732 8.520729
733 8.534859
734 8.549034
735 8.562950
738 8.577042
739 8.591133
742 8.617310
673 8.624947
741 8.631432
740 8.633430
744 8.659576
743 8.661629
747 8.677818
746 8.692368
749 8.706779
748 8.720947
752 8.756195
750 8.760208
751 8.763237
710 8.763954
676 8.773605
689 8.782387
755 8.801537
754 8.815681
756 8.818710
760 8.837494
706 8.839554
737 8.872696
763 8.894745
762 8.896927
764 8.899750
719 8.978569
768 8.983505
767 8.985497
769 8.987495
724 9.011887
727 9.051056
728 9.054085
772 9.060104
771 9.061066
773 9.063072
716 9.072365
753 9.074669
776 9.110458
745 9.111412
775 9.124496
781 9.161850
774 9.162842
777 9.166901
783 9.181534
784 9.200951
785 9.224091
786 9.229141
736 9.232368
787 9.254333
788 9.257347
789 9.271431
703 9.271599
699 9.275070
792 9.306679
761 9.307877
790 9.310829
795 9.326836
793 9.327835
797 9.341934
722 9.350189
766 9.353218
800 9.356705
759 9.386452
802 9.393005
803 9.407120
799 9.409241
801 9.413116
807 9.430473
770 9.443825
808 9.444626
809 9.459419
810 9.484688
813 9.498695
814 9.512863
811 9.515854
816 9.542068
765 9.549774
780 9.558762
817 9.567261
815 9.569366
818 9.572243
820 9.590050
821 9.604195
823 9.631363
824 9.644447
826 9.658554
825 9.660660
711 9.675087
827 9.675209
829 9.697899
828 9.711983
779 9.724960
782 9.731049
832 9.738213
833 9.752274
830 9.754234
834 9.768463
798 9.782288
837 9.782433
838 9.809608
840 9.823807
839 9.824814
804 9.827736
812 9.830551
842 9.838860
845 9.853546
844 9.867691
846 9.881798
848 9.895897
849 9.909996
757 9.915443
758 9.919098
850 9.924103
851 9.938210
852 9.952339
855 9.966431
854 9.980545
857 9.994629
859 10.008713
858 10.022789
822 10.030365
860 10.036903
861 10.050995
796 10.057457
863 10.065231
862 10.079193
791 10.099831
866 10.105392
868 10.119499
865 10.121483
870 10.138435
806 10.151108
869 10.152557
874 10.176727
873 10.190781
872 10.194908
836 10.202499
875 10.208862
841 10.217514
878 10.223000
843 10.241760
881 10.249222
877 10.262337
883 10.276413
880 10.279495
835 10.284012
885 10.303612
886 10.307632
805 10.311180
888 10.332809
890 10.360001
887 10.360970
893 10.377136
891 10.378082
894 10.392220
864 10.420113
897 10.432014
895 10.434006
896 10.437012
778 10.447716
898 10.451096
819 10.459221
902 10.489410
900 10.491516
901 10.493530
856 10.501633
903 10.507492
908 10.534706
906 10.547806
882 10.556015
909 10.561920
907 10.564003
911 10.577950
914 10.607841
913 10.620995
916 10.635078
915 10.637192
917 10.651184
921 10.704552
919 10.706619
920 10.707558
889 10.710251
922 10.721619
924 10.736359
923 10.788849
927 10.795677
926 10.804085
871 10.814629
929 10.829086
928 10.832054
794 10.852692
930 10.858109
910 10.873138
933 10.876137
847 10.886383
853 10.895439
932 10.910461
935 10.915474
936 10.918396
884 10.921570
937 10.932640
942 10.964798
941 10.971786
944 10.988060
943 10.988876
946 11.011261
912 11.012939
831 11.031532
947 11.032074
948 11.046104
925 11.055153
951 11.060226
904 11.070107
950 11.074356
953 11.088326
954 11.116570
945 11.117577
956 11.118576
958 11.137436
961 11.223000
962 11.229973
960 11.233459
959 11.239433
892 11.247414
964 11.270393
905 11.271461
879 11.283585
967 11.290550
968 11.308701
966 11.325790
969 11.326790
867 11.332253
899 11.334946
972 11.340889
940 11.344208
938 11.365219
974 11.372169
971 11.376274
949 11.389359
978 11.396439
973 11.397324
981 11.421509
980 11.425529
984 11.447662
983 11.453667
988 11.501076
985 11.502075
986 11.504097
987 11.510109
990 11.564240
876 11.567360
989 11.569183
991 11.571259
963 11.574966
992 11.575241
955 11.577873
996 11.632256
918 11.635826
995 11.636253
994 11.642365
993 11.646278
939 11.659477
1000 11.663216
982 11.747345
977 11.780441
952 11.843811
957 11.876282
997 11.941498
975 12.017982
931 12.021156
979 12.036469
998 12.051102
976 12.097809
934 12.116722
965 12.266617
999 12.518997
970 12.585915
