0.000946 7240 7240
0.001031 14480 7240
0.001483 20222 5742
0.002298 34702 14480
0.002327 37598 2896
0.002526 39046 1448
0.002527 40446 1400
0.003742 59270 18824
0.003757 60670 1400
0.004409 63566 2896
0.004429 65014 1448
0.004460 69358 4344
0.004482 70806 1448
0.004537 75150 4344
0.004585 79494 4344
0.004585 80894 1400
0.005126 83790 2896
0.005211 93926 10136
0.005474 99718 5792
0.005475 101118 1400
0.005980 119942 18824
0.005998 121342 1400
0.006773 122790 1448
0.006795 125686 2896
0.006819 128582 2896
0.006845 131478 2896
0.006871 134374 2896
0.006892 135822 1448
0.006942 140166 4344
0.007017 141566 1400
0.007634 147358 5792
0.007710 154598 7240
0.007777 160390 5792
0.007778 161792 1402
0.008149 166136 4344
0.008200 171928 5792
0.008251 177720 5792
0.008300 180616 2896
0.008300 182018 1402
0.009394 186362 4344
0.009449 192154 5792
0.009496 197946 5792
0.009546 200842 2896
0.009546 202244 1402
0.010097 206588 4344
0.010144 212380 5792
0.010196 218172 5792
0.010243 221068 2896
0.010291 222470 1402
0.011206 228262 5792
0.011256 234054 5792
0.011307 239846 5792
0.011353 241294 1448
0.011354 242696 1402
0.011974 247040 4344
0.012020 248488 1448
0.012074 257176 8688
0.012121 260072 2896
0.012171 261520 1448
0.012171 262922 1402
0.012672 267266 4344
0.012721 271610 4344
0.012774 277402 5792
0.012823 281746 4344
0.012824 283148 1402
0.013074 286044 2896
0.013127 291836 5792
0.013174 297628 5792
0.013228 301972 4344
0.013228 303374 1402
0.013625 306270 2896
0.013674 312062 5792
0.013726 320750 8688
0.013774 322198 1448
0.013775 323600 1402
0.014685 327944 4344
0.014735 332288 4344
0.014783 338080 5792
0.014835 342424 4344
0.014835 343826 1402
0.015519 362650 18824
0.015538 364052 1402
0.016807 382876 18824
0.016828 384278 1402
0.017483 398758 14480
0.017741 403102 4344
0.017742 404504 1402
0.018794 416088 11584
0.019056 423328 7240
0.019057 424730 1402
0.020063 442106 17376
0.020297 443554 1448
0.020298 444956 1402
0.020871 460884 15928
0.021117 463780 2896
0.021117 465182 1402
0.022239 470974 5792
0.022509 484006 13032
0.022529 485408 1402
0.023483 488304 2896
0.023723 504232 15928
0.023746 505634 1402
0.024952 521562 15928
0.025074 524458 2896
0.025075 525860 1402
0.026361 544684 18824
0.026413 546086 1402
0.027426 564910 18824
0.027460 566312 1402
0.028220 585136 18824
0.028237 586538 1402
0.029258 598122 11584
0.029485 605362 7240
0.029486 606764 1402
0.030372 625588 18824
0.030382 626990 1402
0.031227 635678 8688
0.031455 645814 10136
0.031456 647216 1402
0.032473 666040 18824
0.032502 667442 1402
0.033596 686266 18824
0.033620 687668 1402
0.034366 690564 2896
0.034596 706492 15928
0.034608 707894 1402
0.035371 726718 18824
0.035381 728120 1402
0.036736 746944 18824
0.036757 748346 1402
0.037864 757034 8688
0.037974 767170 10136
0.037974 768572 1402
0.038492 777260 8688
0.038729 787396 10136
0.038730 788798 1402
0.039248 800382 11584
0.039346 807622 7240
0.039347 809024 1402
0.040797 822056 13032
0.041028 827848 5792
0.041028 829250 1402
0.042059 833594 4344
0.042285 848074 14480
0.042292 849476 1402
0.043054 868300 18824
0.043067 869702 1402
0.043598 875494 5792
0.043800 888526 13032
0.043808 889928 1402
0.044695 908752 18824
0.044729 910154 1402
0.045204 913050 2896
0.045449 928978 15928
0.045459 930380 1402
0.046516 947756 17376
0.046751 949204 1448
0.046752 950606 1402
0.047218 954950 4344
0.047500 969430 14480
0.047523 970832 1402
0.048978 989656 18824
0.049019 991058 1402
0.049914 999746 8688
0.050122 1009882 10136
0.050123 1011284 1402
0.050963 1028660 17376
0.051202 1030108 1448
0.051203 1031510 1402
0.052072 1050334 18824
0.052084 1051736 1402
0.052829 1060424 8688
0.053069 1070560 10136
0.053070 1071962 1402
0.053585 1083546 11584
0.053597 1086442 2896
0.053613 1089338 2896
0.053633 1090786 1448
0.053664 1092188 1402
0.054499 1095084 2896
0.054544 1097980 2896
0.054597 1106668 8688
0.054646 1109564 2896
0.054698 1111012 1448
0.054698 1112414 1402
0.055046 1115310 2896
0.055098 1121102 5792
0.055145 1126894 5792
0.055196 1131238 4344
0.055197 1132640 1402
0.056017 1142776 10136
0.056259 1151464 8688
0.056260 1152866 1402
0.057098 1171690 18824
0.057112 1173092 1402
0.057848 1191916 18824
0.057860 1193318 1402
0.058738 1202006 8688
0.058970 1212142 10136
0.058970 1213544 1402
0.059802 1232368 18824
0.059815 1233770 1402
0.060927 1242458 8688
0.061140 1252594 10136
0.061142 1253996 1402
0.062019 1272820 18824
0.062035 1274224 1404
0.063014 1290152 15928
0.063260 1293048 2896
0.063261 1294452 1404
0.063935 1303140 8688
0.064152 1313276 10136
0.064153 1314680 1404
0.065176 1333504 18824
0.065204 1334908 1404
0.065919 1349388 14480
0.066147 1353732 4344
0.066148 1355136 1404
0.066912 1373960 18824
0.066926 1375364 1404
0.067671 1392740 17376
0.067910 1394188 1448
0.067910 1395592 1404
0.068528 1410072 14480
0.068767 1414416 4344
0.068768 1415820 1404
0.069557 1430300 14480
0.069787 1434644 4344
0.069787 1436048 1404
0.070605 1454872 18824
0.070612 1456276 1404
0.071430 1464964 8688
0.071676 1475100 10136
0.071677 1476504 1404
0.072612 1482296 5792
0.072824 1495328 13032
0.072846 1496732 1404
0.073822 1515556 18824
0.073833 1516960 1404
0.074571 1535784 18824
0.074587 1537188 1404
0.075328 1550220 13032
0.075573 1556012 5792
0.075573 1557416 1404
0.076076 1563208 5792
0.076315 1576240 13032
0.076329 1577644 1404
0.077067 1596468 18824
0.077079 1597872 1404
0.078023 1609456 11584
0.078254 1616696 7240
0.078255 1618100 1404
0.078896 1623892 5792
0.079105 1636924 13032
0.079121 1638328 1404
0.079849 1647016 8688
0.080037 1657152 10136
0.080038 1658556 1404
0.080554 1670140 11584
0.080792 1677380 7240
0.080793 1678784 1404
0.081656 1696160 17376
0.081896 1697608 1448
0.081897 1699012 1404
0.082809 1717836 18824
0.082819 1719240 1404
0.083582 1736616 17376
0.083820 1738064 1448
0.083821 1739468 1404
0.084662 1749604 10136
0.084905 1758292 8688
0.084906 1759696 1404
0.085403 1771280 11584
0.085653 1778520 7240
0.085654 1779924 1404
0.086156 1784268 4344
0.086395 1798748 14480
0.086409 1800152 1404
0.087161 1818976 18824
0.087171 1820380 1404
0.087929 1837756 17376
0.088165 1839204 1448
0.088166 1840608 1404
0.088751 1852192 11584
0.089002 1859432 7240
0.089002 1860836 1404
0.089886 1879660 18824
0.089899 1881064 1404
0.090641 1898440 17376
0.090885 1899888 1448
0.090886 1901292 1404
0.091772 1920116 18824
0.091793 1921520 1404
0.092529 1934552 13032
0.092769 1940344 5792
0.092769 1941748 1404
0.093290 1947540 5792
0.093512 1960572 13032
0.093528 1961976 1404
0.094276 1980800 18824
0.094286 1982204 1404
0.095082 1987996 5792
0.095314 2001028 13032
0.095330 2002432 1404
0.095888 2008224 5792
0.096116 2021256 13032
0.096130 2022660 1404
0.096912 2041484 18824
0.097159 2042888 1404
0.098273 2061712 18824
0.098289 2063116 1404
0.098772 2074700 11584
0.099026 2081940 7240
0.099027 2083344 1404
0.100281 2092032 8688
0.100510 2102168 10136
0.100511 2103572 1404
0.101564 2122396 18824
0.101584 2123800 1404
0.102696 2142624 18824
0.102715 2144028 1404
0.104123 2162852 18824
0.104160 2164256 1404
0.104999 2165704 1448
0.105260 2183080 17376
0.105275 2184484 1404
0.105719 2187380 2896
0.105902 2203308 15928
0.105912 2204712 1404
0.107010 2223536 18824
0.107031 2224940 1404
0.107764 2243764 18824
0.107774 2245168 1404
0.108543 2263992 18824
0.108568 2265396 1404
0.109376 2284220 18824
0.109390 2285624 1404
0.110552 2291416 5792
0.110757 2304448 13032
0.110773 2305852 1404
0.111931 2324676 18824
0.111954 2326080 1404
0.113083 2344904 18824
0.113103 2346308 1404
0.113879 2354996 8688
0.114078 2365132 10136
0.114079 2366536 1404
0.114865 2385360 18824
0.115084 2386764 1404
0.115938 2405588 18824
0.115949 2406992 1404
0.116823 2412784 5792
0.117056 2425816 13032
0.117072 2427220 1404
0.118129 2446044 18824
0.118143 2447448 1404
0.119084 2453240 5792
0.119174 2466272 13032
0.119426 2467676 1404
0.120477 2486500 18824
0.120490 2487904 1404
