0.001486 7240 7240
0.001530 14480 7240
0.001989 20222 5742
0.003210 21670 1448
0.003257 26014 4344
0.003375 34702 8688
0.003376 39046 4344
0.003389 40446 1400
0.004102 59270 18824
0.004203 60670 1400
0.004794 66462 5792
0.004832 67910 1448
0.005095 79494 11584
0.005112 80894 1400
0.005496 85238 4344
0.005714 99718 14480
0.005727 101118 1400
0.006747 118494 17376
0.006771 119942 1448
0.006772 121342 1400
0.007952 124238 2896
0.008002 130030 5792
0.008049 135822 5792
0.008111 140166 4344
0.008112 141568 1402
0.009199 143016 1448
0.009245 145912 2896
0.009297 154600 8688
0.009358 160392 5792
0.009358 161794 1402
0.009946 169034 7240
0.009993 171930 2896
0.010048 180618 8688
0.010095 182020 1402
0.010659 186364 4344
0.010705 189260 2896
0.010758 197948 8688
0.010808 200844 2896
0.010809 202246 1402
0.011718 205142 2896
0.011773 210934 5792
0.011820 216726 5792
0.011869 221070 4344
0.011869 222472 1402
0.012324 226816 4344
0.012372 232608 5792
0.012423 238400 5792
0.012471 241296 2896
0.012472 242698 1402
0.013476 251386 8688
0.013524 255730 4344
0.013576 260074 4344
0.013624 261522 1448
0.013624 262924 1402
0.014133 264372 1448
0.014194 270164 5792
0.014233 275956 5792
0.014284 281748 5792
0.014334 283150 1402
0.014966 288942 5792
0.015006 290390 1448
0.015059 299078 8688
0.015110 301974 2896
0.015110 303376 1402
0.016037 309168 5792
0.016288 322200 13032
0.016311 323602 1402
0.017043 342426 18824
0.017055 343828 1402
0.017778 352516 8688
0.017977 362652 10136
0.017977 364054 1402
0.018683 382878 18824
0.018698 384280 1402
0.019316 395864 11584
0.019552 403104 7240
0.019552 404506 1402
0.021138 413194 8688
0.021372 423330 10136
0.021373 424732 1402
0.022120 436316 11584
0.022236 443556 7240
0.022237 444958 1402
0.023471 463782 18824
0.023482 465184 1402
0.024217 481112 15928
0.024446 484008 2896
0.024446 485410 1402
0.025402 496994 11584
0.025589 504234 7240
0.025589 505636 1402
0.026084 521564 15928
0.026354 524460 2896
0.026356 525862 1402
0.027182 544686 18824
0.027215 546088 1402
0.027906 554776 8688
0.028171 564912 10136
0.028172 566314 1402
0.029049 572106 5792
0.029237 585138 13032
0.029255 586540 1402
0.029881 605364 18824
0.029920 606766 1402
0.030662 625590 18824
0.030677 626992 1402
0.031205 645816 18824
0.031223 647218 1402
0.032230 658802 11584
0.032467 666042 7240
0.032469 667444 1402
0.033347 684820 17376
0.033591 686268 1448
0.033592 687670 1402
0.034123 696358 8688
0.034343 706494 10136
0.034344 707896 1402
0.034852 722376 14480
0.035106 726720 4344
0.035107 728122 1402
0.035831 739706 11584
0.036088 746946 7240
0.036088 748348 1402
0.037021 767172 18824
0.037038 768574 1402
0.037836 787398 18824
0.037862 788800 1402
0.038243 797488 8688
0.038477 807624 10136
0.038477 809026 1402
0.039229 827850 18824
0.039245 829252 1402
0.039629 840836 11584
0.039859 848076 7240
0.039860 849478 1402
0.040547 852374 2896
0.040773 868302 15928
0.040794 869704 1402
0.041548 878392 8688
0.041788 888528 10136
0.041788 889930 1402
0.042786 908754 18824
0.042801 910156 1402
0.043570 928980 18824
0.043597 930382 1402
0.044074 947758 17376
0.044322 949206 1448
0.044322 950608 1402
0.045095 959296 8688
0.045192 969432 10136
0.045192 970834 1402
0.046015 985314 14480
0.046258 989658 4344
0.046259 991060 1402
0.047613 999748 8688
0.047877 1009884 10136
0.047878 1011286 1402
0.048709 1028662 17376
0.048972 1030110 1448
0.048973 1031512 1402
0.049886 1050336 18824
0.049911 1051738 1402
0.050697 1069114 17376
0.050954 1070562 1448
0.050954 1071964 1402
0.051505 1087892 15928
0.051751 1090788 2896
0.051752 1092190 1402
0.052601 1105222 13032
0.052825 1111014 5792
0.052826 1112416 1402
0.053317 1115312 2896
0.053570 1131240 15928
0.053582 1132642 1402
0.054146 1136986 4344
0.054194 1138434 1448
0.054254 1147122 8688
0.054298 1151466 4344
0.054299 1152868 1402
0.054848 1154316 1448
0.054894 1158660 4344
0.054946 1164452 5792
0.054996 1170244 5792
0.055044 1171692 1448
0.055045 1173094 1402
0.056002 1191918 18824
0.056015 1193320 1402
0.056797 1212144 18824
0.056807 1213546 1402
0.057605 1230922 17376
0.057844 1232370 1448
0.057845 1233772 1402
0.058724 1252596 18824
0.058736 1253998 1402
0.059243 1256894 2896
0.059470 1272822 15928
0.059479 1274224 1402
0.060086 1293048 18824
0.060098 1294450 1402
0.060910 1313274 18824
0.060924 1314676 1402
0.061401 1332052 17376
0.061641 1333500 1448
0.061641 1334902 1402
0.062450 1347934 13032
0.062663 1353726 5792
0.062664 1355130 1404
0.063919 1373954 18824
0.063933 1375358 1404
0.064914 1388390 13032
0.065170 1394182 5792
0.065171 1395586 1404
0.065653 1401378 5792
0.065893 1414410 13032
0.065908 1415814 1404
0.066644 1434638 18824
0.066657 1436042 1404
0.067417 1453418 17376
0.067667 1454866 1448
0.067667 1456270 1404
0.068271 1475094 18824
0.068288 1476498 1404
0.069279 1489530 13032
0.069552 1495322 5792
0.069553 1496726 1404
0.070354 1509758 13032
0.070600 1515550 5792
0.070600 1516954 1404
0.071182 1531434 14480
0.071427 1535778 4344
0.071428 1537182 1404
0.072590 1556006 18824
0.072610 1557410 1404
0.073078 1563202 5792
0.073317 1576234 13032
0.073324 1577638 1404
0.074334 1593566 15928
0.074567 1596462 2896
0.074568 1597866 1404
0.075074 1612346 14480
0.075324 1616690 4344
0.075325 1618094 1404
0.075832 1626782 8688
0.076065 1636918 10136
0.076066 1638322 1404
0.076594 1642666 4344
0.076816 1657146 14480
0.076821 1658550 1404
0.077509 1670134 11584
0.077761 1677374 7240
0.077762 1678778 1404
0.078609 1690362 11584
0.078864 1697602 7240
0.078865 1699006 1404
0.079814 1717830 18824
0.079847 1719234 1404
0.080312 1722130 2896
0.080540 1738058 15928
0.080551 1739462 1404
0.081431 1753942 14480
0.081651 1758286 4344
0.081652 1759690 1404
0.082190 1768378 8688
0.082392 1778514 10136
0.082393 1779918 1404
0.083334 1794398 14480
0.083577 1798742 4344
0.083578 1800146 1404
0.084400 1818970 18824
0.084409 1820374 1404
0.085150 1833406 13032
0.085400 1839198 5792
0.085400 1840602 1404
0.085914 1849290 8688
0.086145 1859426 10136
0.086146 1860830 1404
0.086689 1863726 2896
0.086894 1879654 15928
0.086902 1881058 1404
0.087680 1895538 14480
0.087924 1899882 4344
0.087924 1901286 1404
0.088503 1905630 4344
0.088736 1920110 14480
0.088749 1921514 1404
0.089245 1930202 8688
0.089487 1940338 10136
0.089487 1941742 1404
0.090417 1960566 18824
0.090426 1961970 1404
0.091202 1979346 17376
0.091445 1980794 1448
0.091446 1982198 1404
0.092271 1998126 15928
0.092522 2001022 2896
0.092523 2002426 1404
0.093027 2011114 8688
0.093268 2021250 10136
0.093269 2022654 1404
0.094031 2032790 10136
0.094271 2041478 8688
0.094272 2042882 1404
0.095066 2061706 18824
0.095080 2063110 1404
0.095865 2081934 18824
0.095886 2083338 1404
0.096699 2099266 15928
0.096907 2102162 2896
0.096908 2103566 1404
0.097425 2118046 14480
0.097654 2122390 4344
0.097655 2123794 1404
0.098541 2141170 17376
0.098769 2142618 1448
0.098770 2144022 1404
0.099343 2157054 13032
0.099624 2162846 5792
0.099625 2164250 1404
0.100263 2183074 18824
0.100279 2184478 1404
0.101308 2201854 17376
0.101557 2203302 1448
0.101558 2204706 1404
0.102440 2222082 17376
0.102691 2223530 1448
0.102692 2224934 1404
0.103884 2242310 17376
0.104117 2243758 1448
0.104118 2245162 1404
0.104976 2262538 17376
0.104997 2263986 1448
0.104998 2265390 1404
0.105708 2284214 18824
0.105718 2285618 1404
0.106446 2292858 7240
0.106675 2304442 11584
0.106682 2305846 1404
0.107248 2320326 14480
0.107491 2324670 4344
0.107492 2326074 1404
0.108284 2339106 13032
0.108537 2344898 5792
0.108538 2346302 1404
0.109114 2360782 14480
0.109371 2365126 4344
0.109372 2366530 1404
0.110525 2385354 18824
0.110549 2386758 1404
0.111677 2401238 14480
0.111925 2405582 4344
0.111926 2406986 1404
0.112845 2425810 18824
0.112859 2427214 1404
0.113601 2435902 8688
0.113847 2446038 10136
0.113848 2447442 1404
0.114616 2456130 8688
0.114830 2466266 10136
0.114831 2467670 1404
0.115669 2486494 18824
0.115677 2487898 1404
0.116810 2506722 18824
0.116822 2508126 1404
0.117877 2524054 15928
0.118124 2526950 2896
0.118125 2528354 1404
0.119064 2547178 18824
0.119082 2548582 1404
0.120176 2567406 18824
0.120186 2568810 1404
0.120979 2587634 18824
0.120991 2589038 1404
