0.000000 2896 2896
0.000117 7240 4344
0.000119 14480 7240
0.000271 15928 1448
0.000540 20218 4290
0.001032 24562 4344
0.001184 37594 13032
0.001482 40440 2846
0.002531 59264 18824
0.002563 60664 1400
0.003455 69352 8688
0.003473 72248 2896
0.003737 79488 7240
0.003738 80888 1400
0.004636 88128 7240
0.004688 91024 2896
0.004736 96816 5792
0.004792 99712 2896
0.004793 101112 1400
0.005479 119936 18824
0.005495 121336 1400
0.006251 138712 17376
0.006471 140160 1448
0.006472 141560 1400
0.007436 157488 15928
0.007510 160384 2896
0.007510 161786 1402
0.008301 164682 2896
0.008348 167578 2896
0.008399 173370 5792
0.008453 180610 7240
0.008454 182012 1402
0.009597 187804 5792
0.009649 195044 7240
0.009697 199388 4344
0.009745 200836 1448
0.009745 202238 1402
0.011007 205134 2896
0.011057 212374 7240
0.011108 218166 5792
0.011155 221062 2896
0.011155 222464 1402
0.012172 225360 2896
0.012225 231152 5792
0.012274 239840 8688
0.012322 241288 1448
0.012322 242690 1402
0.012825 244138 1448
0.012871 248482 4344
0.012922 255722 7240
0.012970 260066 4344
0.013018 261514 1448
0.013019 262916 1402
0.013826 271604 8688
0.013878 278844 7240
0.013923 281740 2896
0.013924 283142 1402
0.014548 288934 5792
0.014585 294726 5792
0.014633 300518 5792
0.014683 301966 1448
0.014684 303368 1402
0.015540 313504 10136
0.015642 322192 8688
0.015643 323594 1402
0.016578 336626 13032
0.016801 342418 5792
0.016802 343820 1402
0.017997 359748 15928
0.018226 362644 2896
0.018226 364046 1402
0.019072 369838 5792
0.019302 382870 13032
0.019313 384272 1402
0.020321 395856 11584
0.020545 403096 7240
0.020546 404498 1402
0.021411 423322 18824
0.021609 424724 1402
0.022757 443548 18824
0.022767 444950 1402
0.023199 453638 8688
0.023448 463774 10136
0.023449 465176 1402
0.023999 473864 8688
0.024199 484000 10136
0.024200 485402 1402
0.025377 504226 18824
0.025399 505628 1402
0.026581 517212 11584
0.026819 524452 7240
0.026819 525854 1402
0.027662 540334 14480
0.027904 544678 4344
0.027904 546080 1402
0.029024 564904 18824
0.029048 566306 1402
0.030139 580786 14480
0.030367 585130 4344
0.030368 586532 1402
0.031475 603908 17376
0.031701 605356 1448
0.031702 606758 1402
0.032718 616894 10136
0.032970 625582 8688
0.032970 626984 1402
0.033851 635672 8688
0.034108 645808 10136
0.034109 647210 1402
0.035111 666034 18824
0.035124 667436 1402
0.036107 668884 1448
0.036332 686260 17376
0.036338 687662 1402
0.037288 706486 18824
0.037501 707888 1402
0.038748 725264 17376
0.038975 726712 1448
0.038976 728114 1402
0.039865 746938 18824
0.039877 748340 1402
0.041032 767164 18824
0.041041 768566 1402
0.041814 774358 5792
0.042040 787390 13032
0.042058 788792 1402
0.043322 806168 17376
0.043565 807616 1448
0.043566 809018 1402
0.044820 810466 1448
0.045077 827842 17376
0.045092 829244 1402
0.045775 833588 4344
0.046000 848068 14480
0.046012 849470 1402
0.047098 868294 18824
0.047123 869696 1402
0.047916 888520 18824
0.047922 889922 1402
0.049233 904402 14480
0.049453 908746 4344
0.049454 910148 1402
0.050383 928972 18824
0.050393 930374 1402
0.051756 949198 18824
0.051771 950600 1402
0.052344 959288 8688
0.052577 969424 10136
0.052578 970826 1402
0.053665 973722 2896
0.053709 978066 4344
0.053767 985306 7240
0.053814 989650 4344
0.053815 991052 1402
0.054699 996844 5792
0.054744 999740 2896
0.054798 1008428 8688
0.054846 1009876 1448
0.054847 1011278 1402
0.055507 1015622 4344
0.055751 1030102 14480
0.055759 1031504 1402
0.056263 1048880 17376
0.056499 1050328 1448
0.056499 1051730 1402
0.057366 1066210 14480
0.057601 1070554 4344
0.057602 1071956 1402
0.058437 1090780 18824
0.058448 1092182 1402
0.059228 1111006 18824
0.059242 1112408 1402
0.060349 1126888 14480
0.060588 1131232 4344
0.060589 1132634 1402
0.062037 1138426 5792
0.062159 1151458 13032
0.062183 1152862 1404
0.063300 1161550 8688
0.063510 1171686 10136
0.063511 1173090 1404
0.064446 1191914 18824
0.064466 1193318 1404
0.065416 1202006 8688
0.065641 1212142 10136
0.065641 1213546 1404
0.066160 1216442 2896
0.066394 1232370 15928
0.066401 1233774 1404
0.067187 1249702 15928
0.067413 1252598 2896
0.067414 1254002 1404
0.068290 1261242 7240
0.068512 1272826 11584
0.068526 1274230 1404
0.069031 1291606 17376
0.069276 1293054 1448
0.069276 1294458 1404
0.070099 1310386 15928
0.070350 1313282 2896
0.070351 1314686 1404
0.071700 1333510 18824
0.071714 1334914 1404
0.072337 1347946 13032
0.072584 1353738 5792
0.072585 1355142 1404
0.073325 1359486 4344
0.073568 1373966 14480
0.073578 1375370 1404
0.074085 1384058 8688
0.074319 1394194 10136
0.074319 1395598 1404
0.074836 1407182 11584
0.075070 1414422 7240
0.075070 1415826 1404
0.075592 1421618 5792
0.075817 1434650 13032
0.075830 1436054 1404
0.076581 1454878 18824
0.076593 1456282 1404
0.077776 1459178 2896
0.078009 1475106 15928
0.078020 1476510 1404
0.079123 1488094 11584
0.079364 1495334 7240
0.079365 1496738 1404
0.080303 1515562 18824
0.080311 1516966 1404
0.081186 1522758 5792
0.081399 1535790 13032
0.081419 1537194 1404
0.082162 1556018 18824
0.082189 1557422 1404
0.083087 1563214 5792
0.083318 1576246 13032
0.083330 1577650 1404
0.084134 1596474 18824
0.084145 1597878 1404
0.084910 1615254 17376
0.085147 1616702 1448
0.085148 1618106 1404
0.085898 1636930 18824
0.085912 1638334 1404
0.086667 1657158 18824
0.086688 1658562 1404
0.087436 1664354 5792
0.087666 1677386 13032
0.087677 1678790 1404
0.088489 1697614 18824
0.088502 1699018 1404
0.089032 1704810 5792
0.089234 1717842 13032
0.089243 1719246 1404
0.090146 1732278 13032
0.090412 1738070 5792
0.090413 1739474 1404
0.091450 1758298 18824
0.091464 1759702 1404
0.092044 1772734 13032
0.092267 1778526 5792
0.092267 1779930 1404
0.092788 1785722 5792
0.093016 1798754 13032
0.093024 1800158 1404
0.094015 1818982 18824
0.094029 1820386 1404
0.094785 1839210 18824
0.094803 1840614 1404
0.095574 1859438 18824
0.095583 1860842 1404
0.096447 1866634 5792
0.096660 1879666 13032
0.096685 1881070 1404
0.097181 1892654 11584
0.097420 1899894 7240
0.097421 1901298 1404
0.098036 1918674 17376
0.098269 1920122 1448
0.098270 1921526 1404
0.099031 1940350 18824
0.099041 1941754 1404
0.099969 1960578 18824
0.099984 1961982 1404
0.101821 1980806 18824
0.101835 1982210 1404
0.102933 1990898 8688
0.103178 2001034 10136
0.103178 2002438 1404
0.104374 2019814 17376
0.104597 2021262 1448
0.104598 2022666 1404
0.105389 2027010 4344
0.105669 2041490 14480
0.105705 2042894 1404
0.106431 2061718 18824
0.106445 2063122 1404
0.107498 2081946 18824
0.107505 2083350 1404
0.108028 2092038 8688
0.108263 2102174 10136
0.108264 2103578 1404
0.109391 2109370 5792
0.109606 2122402 13032
0.109611 2123806 1404
0.110266 2136838 13032
0.110518 2142630 5792
0.110519 2144034 1404
0.111243 2162858 18824
0.111251 2164262 1404
0.112164 2175846 11584
0.112398 2183086 7240
0.112398 2184490 1404
0.113337 2197522 13032
0.113598 2203314 5792
0.113598 2204718 1404
0.114596 2223542 18824
0.114614 2224946 1404
0.115382 2243770 18824
0.115393 2245174 1404
0.116203 2256758 11584
0.116441 2263998 7240
0.116442 2265402 1404
0.117315 2284226 18824
0.117322 2285630 1404
0.118405 2303006 17376
0.118621 2304454 1448
0.118624 2305858 1404
0.119451 2317442 11584
0.119684 2324682 7240
0.119685 2326086 1404
0.120741 2343462 17376
0.120974 2344910 1448
0.120975 2346314 1404
