0.000170 7240 7240
0.000270 14480 7240
0.000942 20222 5742
0.001753 33254 13032
0.001985 34702 1448
0.001987 39046 4344
0.001988 40446 1400
0.003072 59270 18824
0.003104 60670 1400
0.003810 65014 4344
0.004084 79494 14480
0.004097 80894 1400
0.005116 99718 18824
0.005125 101118 1400
0.006000 109806 8688
0.006226 119942 10136
0.006227 121342 1400
0.007019 130030 8688
0.007042 132926 2896
0.007301 140166 7240
0.007302 141566 1400
0.007779 143014 1448
0.007800 147358 4344
0.007850 151702 4344
0.007903 157494 5792
0.007950 160390 2896
0.007951 161792 1402
0.008498 164688 2896
0.008550 173376 8688
0.008603 180616 7240
0.008646 182018 1402
0.009746 183466 1448
0.009796 189258 5792
0.009852 197946 8688
0.009895 200842 2896
0.009896 202244 1402
0.010810 203692 1448
0.010859 209484 5792
0.010909 215276 5792
0.010961 221068 5792
0.011005 222470 1402
0.011411 223918 1448
0.011464 229710 5792
0.011512 235502 5792
0.011563 241294 5792
0.011611 242696 1402
0.012526 249936 7240
0.012571 254280 4344
0.012624 261520 7240
0.012670 262922 1402
0.013274 267266 4344
0.013328 273058 5792
0.013374 278850 5792
0.013424 281746 2896
0.013425 283148 1402
0.014335 286044 2896
0.014388 291836 5792
0.014433 297628 5792
0.014483 301972 4344
0.014484 303374 1402
0.015111 304822 1448
0.015157 307718 2896
0.015210 317854 10136
0.015257 322198 4344
0.015515 323600 1402
0.016313 327944 4344
0.016547 342424 14480
0.016567 343826 1402
0.017750 362650 18824
0.017776 364052 1402
0.019060 382876 18824
0.019070 384278 1402
0.020301 403102 18824
0.020318 404504 1402
0.021121 423328 18824
0.021136 424730 1402
0.022534 443554 18824
0.022554 444956 1402
0.023749 456540 11584
0.023996 463780 7240
0.023997 465182 1402
0.025077 476766 11584
0.025372 484006 7240
0.025373 485408 1402
0.026416 499888 14480
0.026576 504232 4344
0.026577 505634 1402
0.027463 517218 11584
0.027658 524458 7240
0.027658 525860 1402
0.028241 534548 8688
0.028400 544684 10136
0.028401 546086 1402
0.028758 559118 13032
0.029018 564910 5792
0.029019 566312 1402
0.029925 576448 10136
0.030135 585136 8688
0.030136 586538 1402
0.030678 589434 2896
0.030911 605362 15928
0.030920 606764 1402
0.031706 625588 18824
0.031719 626990 1402
0.032504 634230 7240
0.032702 645814 11584
0.032714 647216 1402
0.033623 657352 10136
0.033848 666040 8688
0.033849 667442 1402
0.034611 679026 11584
0.034848 686266 7240
0.034849 687668 1402
0.036093 706492 18824
0.036106 707894 1402
0.037041 716582 8688
0.037258 726718 10136
0.037259 728120 1402
0.037984 731016 2896
0.038228 746944 15928
0.038241 748346 1402
0.039348 751242 2896
0.039612 767170 15928
0.039627 768572 1402
0.040526 787396 18824
0.040546 788798 1402
0.041288 800382 11584
0.041544 807622 7240
0.041545 809024 1402
0.042538 827848 18824
0.042548 829250 1402
0.043069 837938 8688
0.043304 848074 10136
0.043305 849476 1402
0.043810 858164 8688
0.044049 868300 10136
0.044050 869702 1402
0.044732 881286 11584
0.044803 887078 5792
0.044819 888526 1448
0.044820 889928 1402
0.045762 908752 18824
0.045773 910154 1402
0.046262 926082 15928
0.046510 928978 2896
0.046510 930380 1402
0.047536 949204 18824
0.047545 950606 1402
0.049022 966534 15928
0.049228 969430 2896
0.049229 970832 1402
0.050139 982416 11584
0.050378 989656 7240
0.050379 991058 1402
0.051207 1009882 18824
0.051219 1011284 1402
0.052322 1030108 18824
0.052342 1031510 1402
0.053091 1050334 18824
0.053316 1051736 1402
0.054299 1053184 1448
0.054344 1054632 1448
0.054400 1063320 8688
0.054445 1066216 2896
0.054497 1070560 4344
0.054498 1071962 1402
0.055198 1076306 4344
0.055248 1082098 5792
0.055505 1090786 8688
0.055506 1092188 1402
0.056503 1111012 18824
0.056516 1112414 1402
0.057114 1118206 5792
0.057347 1131238 13032
0.057363 1132640 1402
0.058177 1151464 18824
0.058187 1152866 1402
0.058990 1170242 17376
0.059224 1171690 1448
0.059225 1173092 1402
0.060099 1178884 5792
0.060334 1191916 13032
0.060346 1193318 1402
0.061159 1207798 14480
0.061396 1212142 4344
0.061397 1213544 1402
0.062184 1216440 2896
0.062418 1232368 15928
0.062438 1233772 1404
0.063266 1252596 18824
0.063298 1254000 1404
0.064167 1265584 11584
0.064440 1272824 7240
0.064441 1274228 1404
0.065206 1281468 7240
0.065395 1293052 11584
0.065413 1294456 1404
0.066151 1313280 18824
0.066159 1314684 1404
0.066928 1321924 7240
0.067161 1333508 11584
0.067183 1334912 1404
0.067914 1353736 18824
0.067926 1355140 1404
0.068772 1373964 18824
0.068783 1375368 1404
0.069791 1394192 18824
0.069802 1395596 1404
0.070925 1412972 17376
0.071177 1414420 1448
0.071178 1415824 1404
0.072858 1430304 14480
0.073075 1434648 4344
0.073076 1436052 1404
0.074069 1454876 18824
0.074083 1456280 1404
0.074588 1459176 2896
0.074820 1475104 15928
0.074833 1476508 1404
0.075578 1495332 18824
0.075591 1496736 1404
0.076332 1511216 14480
0.076576 1515560 4344
0.076577 1516964 1404
0.077767 1535788 18824
0.077775 1537192 1404
0.078875 1556016 18824
0.078894 1557420 1404
0.080053 1571900 14480
0.080297 1576244 4344
0.080298 1577648 1404
0.081156 1596472 18824
0.081184 1597876 1404
0.081900 1612356 14480
0.082156 1616700 4344
0.082157 1618104 1404
0.083073 1636928 18824
0.083085 1638332 1404
0.083834 1657156 18824
0.083846 1658560 1404
0.084648 1677384 18824
0.084660 1678788 1404
0.085659 1697612 18824
0.085666 1699016 1404
0.086412 1713496 14480
0.086661 1717840 4344
0.086662 1719244 1404
0.087421 1738068 18824
0.087435 1739472 1404
0.088170 1758296 18824
0.088183 1759700 1404
0.089008 1778524 18824
0.089030 1779928 1404
0.089900 1785720 5792
0.090131 1798752 13032
0.090143 1800156 1404
0.090890 1818980 18824
0.090903 1820384 1404
0.091795 1823280 2896
0.092017 1839208 15928
0.092040 1840612 1404
0.092774 1859436 18824
0.092786 1860840 1404
0.093531 1875320 14480
0.093768 1879664 4344
0.093769 1881068 1404
0.094516 1899892 18824
0.094526 1901296 1404
0.095333 1915776 14480
0.095569 1920120 4344
0.095569 1921524 1404
0.096414 1940348 18824
0.096437 1941752 1404
0.097163 1960576 18824
0.097179 1961980 1404
0.098292 1970668 8688
0.098518 1980804 10136
0.098519 1982208 1404
0.099634 2001032 18824
0.099658 2002436 1404
0.100551 2021260 18824
0.100558 2022664 1404
0.101587 2034248 11584
0.101816 2041488 7240
0.101817 2042892 1404
0.102718 2054476 11584
0.102930 2061716 7240
0.102931 2063120 1404
0.104162 2074704 11584
0.104369 2081944 7240
0.104370 2083348 1404
0.105278 2096380 13032
0.105387 2102172 5792
0.105388 2103576 1404
0.105913 2109368 5792
0.106156 2122400 13032
0.106171 2123804 1404
0.107034 2135388 11584
0.107244 2142628 7240
0.107245 2144032 1404
0.108010 2162856 18824
0.108026 2164260 1404
0.108570 2171500 7240
0.108759 2183084 11584
0.108766 2184488 1404
0.110776 2198968 14480
0.111006 2203312 4344
0.111007 2204716 1404
0.111956 2213404 8688
0.112147 2223540 10136
0.112147 2224944 1404
0.113105 2235080 10136
0.113334 2243768 8688
0.113335 2245172 1404
0.114097 2259652 14480
0.114326 2263996 4344
0.114326 2265400 1404
0.115090 2284224 18824
0.115118 2285628 1404
0.115950 2288524 2896
0.116186 2304452 15928
0.116200 2305856 1404
0.117076 2320336 14480
0.117311 2324680 4344
0.117311 2326084 1404
0.118145 2334772 8688
0.118377 2344908 10136
0.118378 2346312 1404
0.119430 2365136 18824
0.119448 2366540 1404
0.120492 2375228 8688
0.120723 2385364 10136
0.120723 2386768 1404
