0.002619 4344 4344
0.002667 7240 2896
0.002668 10136 2896
0.002715 11584 1448
0.002768 14480 2896
0.002770 20224 5744
0.003696 24568 4344
0.003747 30360 5792
0.003797 36152 5792
0.003849 37600 1448
0.003850 40448 2848
0.004302 44792 4344
0.004355 50584 5792
0.004401 54928 4344
0.004456 59272 4344
0.004457 60672 1400
0.004946 62120 1448
0.004993 67912 5792
0.005047 75152 7240
0.005091 79496 4344
0.005144 80896 1400
0.005763 85240 4344
0.005885 99720 14480
0.005958 101120 1400
0.006880 111256 10136
0.007109 119944 8688
0.007110 121344 1400
0.007628 135824 14480
0.007862 140168 4344
0.007863 141570 1402
0.008367 160394 18824
0.008392 161796 1402
0.009370 170484 8688
0.009577 180620 10136
0.009826 182022 1402
0.010595 200846 18824
0.010840 202248 1402
0.011344 215280 13032
0.011595 221072 5792
0.011596 222474 1402
0.012376 241298 18824
0.012396 242700 1402
0.012881 261524 18824
0.012893 262926 1402
0.013889 281750 18824
0.013902 283152 1402
0.014406 290392 7240
0.014635 301976 11584
0.014655 303378 1402
0.015160 319306 15928
0.015390 322202 2896
0.015391 323604 1402
0.016150 332292 8688
0.016388 342428 10136
0.016388 343830 1402
0.017136 362654 18824
0.017147 364056 1402
0.018536 382880 18824
0.018560 384282 1402
0.019296 401658 17376
0.019518 403106 1448
0.019519 404508 1402
0.019786 413196 8688
0.020019 423332 10136
0.020020 424734 1402
0.020810 442110 17376
0.021020 443558 1448
0.021020 444960 1402
0.021810 456544 11584
0.022039 463784 7240
0.022040 465186 1402
0.022823 484010 18824
0.022840 485412 1402
0.023326 491204 5792
0.023563 504236 13032
0.023570 505638 1402
0.024715 517222 11584
0.024971 524462 7240
0.024972 525864 1402
0.025484 528760 2896
0.025710 544688 15928
0.025721 546090 1402
0.026412 551882 5792
0.026639 564914 13032
0.026657 566316 1402
0.027146 585140 18824
0.027162 586542 1402
0.027990 602470 15928
0.028237 605366 2896
0.028239 606768 1402
0.028741 621248 14480
0.028993 625592 4344
0.028994 626994 1402
0.029723 638578 11584
0.029967 645818 7240
0.029968 647220 1402
0.030476 666044 18824
0.030488 667446 1402
0.031281 679030 11584
0.031477 686270 7240
0.031478 687672 1402
0.032477 706496 18824
0.032511 707898 1402
0.033277 719482 11584
0.033498 726722 7240
0.033499 728124 1402
0.034291 741156 13032
0.034521 746948 5792
0.034522 748350 1402
0.035128 755590 7240
0.035269 767174 11584
0.035281 768576 1402
0.036240 787400 18824
0.036252 788802 1402
0.036758 803282 14480
0.036992 807626 4344
0.036993 809028 1402
0.038216 823508 14480
0.038420 827852 4344
0.038421 829254 1402
0.038952 832150 2896
0.039201 848078 15928
0.039212 849480 1402
0.040083 866856 17376
0.040310 868304 1448
0.040311 869706 1402
0.040569 875498 5792
0.040808 888530 13032
0.040816 889932 1402
0.041563 898620 8688
0.041809 908756 10136
0.041810 910158 1402
0.042720 923190 13032
0.042948 928982 5792
0.042949 930384 1402
0.043802 939072 8688
0.044026 949208 10136
0.044026 950610 1402
0.044928 956402 5792
0.045177 969434 13032
0.045187 970836 1402
0.046472 982420 11584
0.046688 989660 7240
0.046689 991062 1402
0.047279 1009886 18824
0.047295 1011288 1402
0.047933 1028664 17376
0.048158 1030112 1448
0.048159 1031514 1402
0.048769 1037306 5792
0.048990 1050338 13032
0.049007 1051740 1402
0.049363 1063324 11584
0.049616 1070564 7240
0.049617 1071966 1402
0.050121 1090790 18824
0.050128 1092192 1402
0.051165 1108120 15928
0.051399 1111016 2896
0.051399 1112418 1402
0.052178 1129794 17376
0.052290 1131242 1448
0.052291 1132644 1402
0.053538 1139884 7240
0.053774 1151468 11584
0.053786 1152870 1402
0.054305 1164454 11584
0.054317 1167350 2896
0.054333 1170246 2896
0.054366 1171694 1448
0.054366 1173096 1402
0.054932 1178888 5792
0.054985 1184680 5792
0.055032 1190472 5792
0.055083 1191920 1448
0.055084 1193322 1402
0.055483 1199114 5792
0.055536 1203458 4344
0.055580 1207802 4344
0.055631 1212146 4344
0.055632 1213548 1402
0.056114 1214996 1448
0.056167 1219340 4344
0.056215 1225132 5792
0.056267 1232372 7240
0.056317 1233774 1402
0.056816 1235222 1448
0.056869 1239566 4344
0.056915 1245358 5792
0.056968 1252598 7240
0.057012 1254000 1402
0.057670 1259792 5792
0.057726 1267032 7240
0.057769 1271376 4344
0.057819 1272824 1448
0.057819 1274226 1402
0.058524 1280018 5792
0.058569 1282914 2896
0.058621 1291602 8688
0.058672 1293050 1448
0.058672 1294452 1402
0.059068 1303140 8688
0.059116 1306036 2896
0.059175 1313276 7240
0.059175 1314678 1402
0.060074 1326262 11584
0.060318 1333502 7240
0.060318 1334904 1402
0.061333 1353728 18824
0.061346 1355130 1402
0.062412 1369610 14480
0.062642 1373954 4344
0.062643 1375358 1404
0.063373 1394182 18824
0.063382 1395586 1404
0.064158 1414410 18824
0.064167 1415814 1404
0.065310 1431742 15928
0.065551 1434638 2896
0.065551 1436042 1404
0.066313 1454866 18824
0.066319 1456270 1404
0.067315 1470750 14480
0.067556 1475094 4344
0.067556 1476498 1404
0.068060 1495322 18824
0.068066 1496726 1404
0.068798 1499622 2896
0.069049 1515550 15928
0.069056 1516954 1404
0.070079 1535778 18824
0.070085 1537182 1404
0.071664 1556006 18824
0.071682 1557410 1404
0.072315 1571890 14480
0.072562 1576234 4344
0.072563 1577638 1404
0.073347 1595014 17376
0.073577 1596462 1448
0.073577 1597866 1404
0.074470 1616690 18824
0.074477 1618094 1404
0.075208 1636918 18824
0.075221 1638322 1404
0.075711 1657146 18824
0.075723 1658550 1404
0.076473 1677374 18824
0.076484 1678778 1404
0.076970 1697602 18824
0.076975 1699006 1404
0.077727 1717830 18824
0.077959 1719234 1404
0.078614 1727922 8688
0.078863 1738058 10136
0.078864 1739462 1404
0.079633 1756838 17376
0.079860 1758286 1448
0.079860 1759690 1404
0.080721 1768378 8688
0.080962 1778514 10136
0.080963 1779918 1404
0.081468 1794398 14480
0.081704 1798742 4344
0.081705 1800146 1404
0.082226 1808834 8688
0.082453 1818970 10136
0.082453 1820374 1404
0.083499 1839198 18824
0.083508 1840602 1404
0.084517 1859426 18824
0.084522 1860830 1404
0.085280 1879654 18824
0.085288 1881058 1404
0.085768 1898434 17376
0.086004 1899882 1448
0.086005 1901286 1404
0.086520 1915766 14480
0.086758 1920110 4344
0.086758 1921514 1404
0.087534 1931650 10136
0.087774 1940338 8688
0.087774 1941742 1404
0.088536 1960566 18824
0.088541 1961970 1404
0.089033 1970658 8688
0.089268 1980794 10136
0.089269 1982198 1404
0.090023 2001022 18824
0.090034 2002426 1404
0.090316 2014010 11584
0.090571 2021250 7240
0.090572 2022654 1404
0.091076 2040030 17376
0.091321 2041478 1448
0.091322 2042882 1404
0.091829 2048674 5792
0.092067 2061706 13032
0.092077 2063110 1404
0.092827 2081934 18824
0.092833 2083338 1404
0.093331 2102162 18824
0.093335 2103566 1404
0.094076 2107910 4344
0.094316 2122390 14480
0.094325 2123794 1404
0.095144 2142618 18824
0.095155 2144022 1404
0.096244 2159950 15928
0.096491 2162846 2896
0.096492 2164250 1404
0.096997 2168594 4344
0.097238 2183074 14480
0.097247 2184478 1404
0.098355 2203302 18824
0.098364 2204706 1404
0.099238 2216290 11584
0.099451 2223530 7240
0.099451 2224934 1404
0.100329 2230726 5792
0.100557 2243758 13032
0.100566 2245162 1404
0.101345 2263986 18824
0.101353 2265390 1404
0.102119 2276974 11584
0.102380 2284214 7240
0.102381 2285618 1404
0.102890 2304442 18824
0.102904 2305846 1404
0.103642 2324670 18824
0.103659 2326074 1404
0.105016 2340554 14480
0.105252 2344898 4344
0.105253 2346302 1404
0.106005 2350646 4344
0.106254 2365126 14480
0.106271 2366530 1404
0.107357 2378114 11584
0.107592 2385354 7240
0.107593 2386758 1404
0.108103 2395446 8688
0.108335 2405582 10136
0.108336 2406986 1404
0.109356 2425810 18824
0.109366 2427214 1404
0.110549 2438798 11584
0.110769 2446038 7240
0.110770 2447442 1404
0.111919 2456130 8688
0.112133 2466266 10136
0.112134 2467670 1404
0.112978 2476358 8688
0.113215 2486494 10136
0.113215 2487898 1404
0.114147 2490794 2896
0.114390 2506722 15928
0.114394 2508126 1404
0.115157 2522606 14480
0.115391 2526950 4344
0.115392 2528354 1404
0.115910 2547178 18824
0.115922 2548582 1404
0.116487 2561614 13032
0.116743 2567406 5792
0.116744 2568810 1404
0.117495 2583290 14480
0.117743 2587634 4344
0.117744 2589038 1404
0.118618 2596278 7240
0.118832 2607862 11584
0.118844 2609266 1404
0.119926 2617954 8688
0.120141 2628090 10136
0.120142 2629494 1404
0.120663 2638182 8688
0.120892 2648318 10136
0.120892 2649722 1404
