0.002038 2896 2896
0.002087 7240 4344
0.002087 8688 1448
0.002137 14480 5792
0.002248 15928 1448
0.002306 20224 4296
0.003339 28912 8688
0.003386 33256 4344
0.003432 37600 4344
0.003588 39048 1448
0.003631 40448 1400
0.004048 43344 2896
0.004100 47688 4344
0.004148 56376 8688
0.004196 59272 2896
0.004197 60672 1400
0.005146 63568 2896
0.005192 69360 5792
0.005244 79496 10136
0.005570 80896 1400
0.006269 82344 1448
0.006351 91032 8688
0.006606 99720 8688
0.006606 101120 1400
0.007358 119944 18824
0.007371 121346 1402
0.007883 125690 4344
0.008112 140170 14480
0.008147 141572 1402
0.009350 160396 18824
0.009367 161798 1402
0.010097 174830 13032
0.010325 180622 5792
0.010326 182024 1402
0.011118 199400 17376
0.011340 200848 1448
0.011341 202250 1402
0.012127 219626 17376
0.012370 221074 1448
0.012371 222476 1402
0.013140 241300 18824
0.013385 242702 1402
0.013905 249942 7240
0.014139 261526 11584
0.014143 262928 1402
0.014889 281752 18824
0.014906 283154 1402
0.015395 296186 13032
0.015643 301978 5792
0.015644 303380 1402
0.016408 320756 17376
0.016633 322204 1448
0.016634 323606 1402
0.017740 342430 18824
0.017762 343832 1402
0.018277 358312 14480
0.018530 362656 4344
0.018531 364058 1402
0.019024 368402 4344
0.019269 382882 14480
0.019292 384284 1402
0.020286 403108 18824
0.020290 404510 1402
0.021060 410302 5792
0.021267 423334 13032
0.021275 424736 1402
0.022043 439216 14480
0.022281 443560 4344
0.022282 444962 1402
0.023080 449306 4344
0.023314 463786 14480
0.023323 465188 1402
0.023833 476772 11584
0.024068 484012 7240
0.024069 485414 1402
0.025221 494102 8688
0.025456 504238 10136
0.025456 505640 1402
0.026403 524464 18824
0.026411 525866 1402
0.027473 544690 18824
0.027482 546092 1402
0.028277 557676 11584
0.028488 564916 7240
0.028489 566318 1402
0.029026 575006 8688
0.029230 585142 10136
0.029231 586544 1402
0.029986 587992 1448
0.030218 605368 17376
0.030229 606770 1402
0.030729 618354 11584
0.030972 625594 7240
0.030973 626996 1402
0.031745 645820 18824
0.031753 647222 1402
0.033253 666046 18824
0.033274 667448 1402
0.034035 673240 5792
0.034272 686272 13032
0.034288 687674 1402
0.034768 693466 5792
0.035061 706498 13032
0.035097 707900 1402
0.035753 713692 5792
0.035981 726724 13032
0.036004 728126 1402
0.036734 746950 18824
0.036754 748352 1402
0.037934 767176 18824
0.037941 768578 1402
0.038715 783058 14480
0.038934 787402 4344
0.038935 788804 1402
0.039622 798940 10136
0.039837 807628 8688
0.039838 809030 1402
0.040352 811926 2896
0.040559 827854 15928
0.040568 829256 1402
0.041327 846632 17376
0.041559 848080 1448
0.041560 849482 1402
0.042454 868306 18824
0.042464 869708 1402
0.043191 888532 18824
0.043201 889934 1402
0.043779 908758 18824
0.043800 910160 1402
0.044281 928984 18824
0.044297 930386 1402
0.045439 949210 18824
0.045446 950612 1402
0.046439 969436 18824
0.046461 970838 1402
0.047664 989662 18824
0.047677 991064 1402
0.048493 1004096 13032
0.048748 1009888 5792
0.048748 1011290 1402
0.049640 1014186 2896
0.049863 1030114 15928
0.049884 1031516 1402
0.050521 1035860 4344
0.050777 1050340 14480
0.050796 1051742 1402
0.051680 1067670 15928
0.051895 1070566 2896
0.051895 1071968 1402
0.052575 1090792 18824
0.052590 1092194 1402
0.053524 1111018 18824
0.053537 1112420 1402
0.054583 1118212 5792
0.054635 1124004 5792
0.054682 1129796 5792
0.054731 1131244 1448
0.054731 1132646 1402
0.055280 1135542 2896
0.055333 1139886 4344
0.055382 1147126 7240
0.055429 1150022 2896
0.055480 1151470 1448
0.055481 1152872 1402
0.056318 1155768 2896
0.056365 1161560 5792
0.056417 1168800 7240
0.056466 1171696 2896
0.056466 1173098 1402
0.057320 1178890 5792
0.057370 1184682 5792
0.057420 1190474 5792
0.057472 1191922 1448
0.057472 1193324 1402
0.058019 1199116 5792
0.058071 1206356 7240
0.058123 1210700 4344
0.058169 1212148 1448
0.058170 1213550 1402
0.058673 1216446 2896
0.058718 1219342 2896
0.058773 1228030 8688
0.058816 1230926 2896
0.058867 1232374 1448
0.058868 1233776 1402
0.059373 1238120 4344
0.059416 1241016 2896
0.059674 1252600 11584
0.059680 1254002 1402
0.060322 1272826 18824
0.060331 1274228 1402
0.060835 1293052 18824
0.060851 1294454 1402
0.061581 1313278 18824
0.061590 1314680 1402
0.062157 1333504 18824
0.062180 1334908 1404
0.063643 1349388 14480
0.063887 1353732 4344
0.063887 1355136 1404
0.064675 1362376 7240
0.064905 1373960 11584
0.064910 1375364 1404
0.065822 1392740 17376
0.066051 1394188 1448
0.066052 1395592 1404
0.066569 1408624 13032
0.066799 1414416 5792
0.066800 1415820 1404
0.067568 1420164 4344
0.067808 1434644 14480
0.067825 1436048 1404
0.068067 1437496 1448
0.068303 1454872 17376
0.068313 1456276 1404
0.069305 1475100 18824
0.069317 1476504 1404
0.070354 1485192 8688
0.070585 1495328 10136
0.070586 1496732 1404
0.071396 1508316 11584
0.071659 1515556 7240
0.071659 1516960 1404
0.072581 1521304 4344
0.072808 1535784 14480
0.072821 1537188 1404
0.073962 1540084 2896
0.074210 1556012 15928
0.074226 1557416 1404
0.074721 1567552 10136
0.074967 1576240 8688
0.074967 1577644 1404
0.075470 1593572 15928
0.075707 1596468 2896
0.075707 1597872 1404
0.076212 1610904 13032
0.076469 1616696 5792
0.076470 1618100 1404
0.077464 1636924 18824
0.077475 1638328 1404
0.077977 1645568 7240
0.078209 1657152 11584
0.078216 1658556 1404
0.078902 1661452 2896
0.079117 1677380 15928
0.079131 1678784 1404
0.079864 1697608 18824
0.079874 1699012 1404
0.080469 1717836 18824
0.080473 1719240 1404
0.081210 1738064 18824
0.081221 1739468 1404
0.081969 1753948 14480
0.082212 1758292 4344
0.082213 1759696 1404
0.082739 1777072 17376
0.082974 1778520 1448
0.082975 1779924 1404
0.083776 1787164 7240
0.084006 1798748 11584
0.084016 1800152 1404
0.084759 1817528 17376
0.085002 1818976 1448
0.085002 1820380 1404
0.085521 1829068 8688
0.085751 1839204 10136
0.085752 1840608 1404
0.086261 1844952 4344
0.086502 1859432 14480
0.086517 1860836 1404
0.087268 1879660 18824
0.087278 1881064 1404
0.088024 1899888 18824
0.088033 1901292 1404
0.088281 1909980 8688
0.088521 1920116 10136
0.088521 1921520 1404
0.089533 1940344 18824
0.089544 1941748 1404
0.090818 1960572 18824
0.090838 1961976 1404
0.091581 1980800 18824
0.091588 1982204 1404
0.092330 1995236 13032
0.092574 2001028 5792
0.092575 2002432 1404
0.093081 2011120 8688
0.093317 2021256 10136
0.093317 2022660 1404
0.093826 2031348 8688
0.094067 2041484 10136
0.094068 2042888 1404
0.094327 2051576 8688
0.094565 2061712 10136
0.094566 2063116 1404
0.095400 2080492 17376
0.095642 2081940 1448
0.095642 2083344 1404
0.096752 2102168 18824
0.096758 2103572 1404
0.097501 2122396 18824
0.097506 2123800 1404
0.097846 2129592 5792
0.098095 2142624 13032
0.098122 2144028 1404
0.098962 2161404 17376
0.099203 2162852 1448
0.099203 2164256 1404
0.100061 2181632 17376
0.100309 2183080 1448
0.100309 2184484 1404
0.100825 2201860 17376
0.101059 2203308 1448
0.101059 2204712 1404
0.102399 2210504 5792
0.102618 2223536 13032
0.102632 2224940 1404
0.103389 2243764 18824
0.103397 2245168 1404
0.104763 2263992 18824
0.104787 2265396 1404
0.105518 2274084 8688
0.105756 2284220 10136
0.105756 2285624 1404
0.106507 2304448 18824
0.106516 2305852 1404
0.107337 2324676 18824
0.107354 2326080 1404
0.107846 2343456 17376
0.108085 2344904 1448
0.108085 2346308 1404
0.108972 2360788 14480
0.109083 2365132 4344
0.109084 2366536 1404
0.110297 2385360 18824
0.110302 2386764 1404
0.110771 2389660 2896
0.111016 2405588 15928
0.111029 2406992 1404
0.111645 2422920 15928
0.111891 2425816 2896
0.111892 2427220 1404
0.112731 2446044 18824
0.112739 2447448 1404
0.113900 2466272 18824
0.113910 2467676 1404
0.114660 2477812 10136
0.114891 2486500 8688
0.114891 2487904 1404
0.115664 2505280 17376
0.115906 2506728 1448
0.115906 2508132 1404
0.116763 2513924 5792
0.116990 2526956 13032
0.117007 2528360 1404
0.117749 2547184 18824
0.117759 2548588 1404
0.118593 2567412 18824
0.118616 2568816 1404
0.119675 2586192 17376
0.119895 2587640 1448
0.119896 2589044 1404
0.120648 2607868 18824
0.120661 2609272 1404
0.121161 2620856 11584
0.121393 2628096 7240
0.121394 2629500 1404
