0.002351 2896 2896
0.002406 7240 4344
0.002407 8688 1448
0.002453 14480 5792
0.002557 20224 5744
0.003084 23120 2896
0.003145 28912 5792
0.003184 34704 5792
0.003232 37600 2896
0.003233 39048 1448
0.003281 40448 1400
0.003901 47688 7240
0.003947 52032 4344
0.003997 57824 5792
0.004047 59272 1448
0.004047 60672 1400
0.004793 66464 5792
0.004843 72256 5792
0.004892 78048 5792
0.004944 79496 1448
0.004945 80896 1400
0.005960 88136 7240
0.005984 91032 2896
0.006235 99720 8688
0.006235 101120 1400
0.007132 119944 18824
0.007144 121344 1400
0.007867 140168 18824
0.007880 141570 1402
0.008394 144466 2896
0.008607 160394 15928
0.008615 161796 1402
0.009084 177724 15928
0.009337 180620 2896
0.009338 182022 1402
0.009829 186366 4344
0.010079 200846 14480
0.010093 202248 1402
0.010844 221072 18824
0.010859 222474 1402
0.011600 241298 18824
0.011614 242700 1402
0.012399 251388 8688
0.012619 261524 10136
0.012877 262926 1402
0.013659 281750 18824
0.013669 283152 1402
0.014660 300528 17376
0.014884 301976 1448
0.014885 303378 1402
0.015646 316410 13032
0.015884 322202 5792
0.015885 323604 1402
0.016638 342428 18824
0.016650 343830 1402
0.017500 361206 17376
0.017734 362654 1448
0.017735 364056 1402
0.018562 369848 5792
0.018771 382880 13032
0.018782 384282 1402
0.019522 403106 18824
0.019541 404508 1402
0.020043 413196 8688
0.020268 423332 10136
0.020268 424734 1402
0.021026 443558 18824
0.021059 444960 1402
0.021787 463784 18824
0.021807 465186 1402
0.022841 470978 5792
0.023064 484010 13032
0.023079 485412 1402
0.024073 504236 18824
0.024082 505638 1402
0.025000 511430 5792
0.025209 524462 13032
0.025218 525864 1402
0.026141 538896 13032
0.026398 544688 5792
0.026399 546090 1402
0.027165 554778 8688
0.027435 564914 10136
0.027436 566316 1402
0.028244 585140 18824
0.028274 586542 1402
0.028999 605366 18824
0.029023 606768 1402
0.029972 625592 18824
0.029985 626994 1402
0.030489 629890 2896
0.030715 645818 15928
0.030726 647220 1402
0.031481 661700 14480
0.031740 666044 4344
0.031741 667446 1402
0.032514 679030 11584
0.032717 686270 7240
0.032718 687672 1402
0.033755 706496 18824
0.033765 707898 1402
0.034526 722378 14480
0.034765 726722 4344
0.034766 728124 1402
0.035734 746948 18824
0.035751 748350 1402
0.036253 751246 2896
0.036483 767174 15928
0.036490 768576 1402
0.037239 787400 18824
0.037253 788802 1402
0.037679 801834 13032
0.037929 807626 5792
0.037930 809028 1402
0.038677 827852 18824
0.038712 829254 1402
0.039586 848078 18824
0.039619 849480 1402
0.040316 868304 18824
0.040351 869706 1402
0.041069 875498 5792
0.041308 888530 13032
0.041323 889932 1402
0.042191 901516 11584
0.042449 908756 7240
0.042450 910158 1402
0.042953 928982 18824
0.042965 930384 1402
0.044041 947760 17376
0.044275 949208 1448
0.044276 950610 1402
0.045191 965090 14480
0.045435 969434 4344
0.045435 970836 1402
0.046190 988212 17376
0.046433 989660 1448
0.046434 991062 1402
0.047298 996854 5792
0.047406 1009886 13032
0.047413 1011288 1402
0.048164 1030112 18824
0.048174 1031514 1402
0.049622 1050338 18824
0.049639 1051740 1402
0.050897 1057532 5792
0.051147 1070564 13032
0.051162 1071966 1402
0.052293 1080654 8688
0.052553 1090790 10136
0.052554 1092192 1402
0.053279 1109568 17376
0.053520 1111016 1448
0.053520 1112418 1402
0.054382 1115314 2896
0.054394 1116762 1448
0.054434 1121106 4344
0.054485 1126898 5792
0.054532 1131242 4344
0.054532 1132644 1402
0.055085 1135540 2896
0.055134 1142780 7240
0.055181 1147124 4344
0.055231 1151468 4344
0.055231 1152870 1402
0.055782 1154318 1448
0.055830 1160110 5792
0.055880 1165902 5792
0.055932 1170246 4344
0.055978 1171694 1448
0.055979 1173096 1402
0.056467 1174544 1448
0.056519 1178888 4344
0.056566 1184680 5792
0.056618 1191920 7240
0.056663 1193322 1402
0.057120 1196218 2896
0.057170 1202010 5792
0.057220 1207802 5792
0.057275 1212146 4344
0.057276 1213548 1402
0.057820 1217892 4344
0.057869 1222236 4344
0.057922 1229476 7240
0.057968 1232372 2896
0.057969 1233774 1402
0.058321 1235222 1448
0.058369 1239566 4344
0.058419 1245358 5792
0.058469 1251150 5792
0.058522 1252598 1448
0.058523 1254000 1402
0.059216 1256896 2896
0.059267 1262688 5792
0.059317 1268480 5792
0.059371 1272824 4344
0.059372 1274226 1402
0.059813 1275674 1448
0.060061 1293050 17376
0.060072 1294452 1402
0.061107 1310380 15928
0.061329 1313276 2896
0.061329 1314678 1402
0.061892 1327710 13032
0.062151 1333502 5792
0.062152 1334906 1404
0.062648 1353730 18824
0.062654 1355134 1404
0.063626 1373958 18824
0.063639 1375362 1404
0.064661 1394186 18824
0.064673 1395590 1404
0.065555 1414414 18824
0.065569 1415818 1404
0.066055 1430298 14480
0.066308 1434642 4344
0.066309 1436046 1404
0.067053 1454870 18824
0.067065 1456274 1404
0.067560 1475098 18824
0.067567 1476502 1404
0.068315 1486638 10136
0.068557 1495326 8688
0.068558 1496730 1404
0.069318 1505418 8688
0.069554 1515554 10136
0.069555 1516958 1404
0.070338 1535782 18824
0.070352 1537186 1404
0.071264 1553114 15928
0.071392 1556010 2896
0.071393 1557414 1404
0.072568 1576238 18824
0.072579 1577642 1404
0.073111 1586330 8688
0.073330 1596466 10136
0.073330 1597870 1404
0.073845 1606558 8688
0.073953 1616694 10136
0.073954 1618098 1404
0.074477 1619546 1448
0.074707 1636922 17376
0.074718 1638326 1404
0.075223 1645566 7240
0.075454 1657150 11584
0.075467 1658554 1404
0.076486 1665794 7240
0.076710 1677378 11584
0.076722 1678782 1404
0.077213 1697606 18824
0.077222 1699010 1404
0.077963 1717834 18824
0.077975 1719238 1404
0.078893 1738062 18824
0.078901 1739466 1404
0.079363 1743810 4344
0.079612 1758290 14480
0.079628 1759694 1404
0.080209 1768382 8688
0.080454 1778518 10136
0.080455 1779922 1404
0.080989 1797298 17376
0.081205 1798746 1448
0.081206 1800150 1404
0.081706 1805942 5792
0.081953 1818974 13032
0.081966 1820378 1404
0.083016 1831962 11584
0.083224 1839202 7240
0.083224 1840606 1404
0.083758 1859430 18824
0.083774 1860834 1404
0.084267 1873866 13032
0.084512 1879658 5792
0.084513 1881062 1404
0.085288 1882510 1448
0.085504 1899886 17376
0.085519 1901290 1404
0.086023 1908530 7240
0.086252 1920114 11584
0.086260 1921518 1404
0.086770 1927310 5792
0.087005 1940342 13032
0.087013 1941746 1404
0.087778 1960570 18824
0.087785 1961974 1404
0.088542 1964870 2896
0.088769 1980798 15928
0.088783 1982202 1404
0.089546 1990890 8688
0.089771 2001026 10136
0.089771 2002430 1404
0.090575 2021254 18824
0.090581 2022658 1404
0.091325 2037138 14480
0.091576 2041482 4344
0.091576 2042886 1404
0.092078 2047230 4344
0.092317 2061710 14480
0.092327 2063114 1404
0.092834 2067458 4344
0.093068 2081938 14480
0.093079 2083342 1404
0.093582 2092030 8688
0.093815 2102166 10136
0.093815 2103570 1404
0.094823 2122394 18824
0.094831 2123798 1404
0.095664 2135382 11584
0.095901 2142622 7240
0.095902 2144026 1404
0.096495 2157058 13032
0.096747 2162850 5792
0.096747 2164254 1404
0.097250 2175838 11584
0.097496 2183078 7240
0.097497 2184482 1404
0.098364 2187378 2896
0.098596 2203306 15928
0.098600 2204710 1404
0.099788 2223534 18824
0.099797 2224938 1404
0.100568 2233626 8688
0.100806 2243762 10136
0.100807 2245166 1404
0.101354 2249510 4344
0.101557 2263990 14480
0.101563 2265394 1404
0.102385 2284218 18824
0.102397 2285622 1404
0.102905 2288518 2896
0.103115 2304446 15928
0.103120 2305850 1404
0.103914 2324674 18824
0.103922 2326078 1404
0.104507 2343454 17376
0.104756 2344902 1448
0.104756 2346306 1404
0.105506 2365130 18824
0.105516 2366534 1404
0.106274 2383910 17376
0.106502 2385358 1448
0.106503 2386762 1404
0.107099 2405586 18824
0.107105 2406990 1404
0.107597 2425814 18824
0.107602 2427218 1404
0.108352 2444594 17376
0.108582 2446042 1448
0.108583 2447446 1404
0.109367 2451790 4344
0.109596 2466270 14480
0.109600 2467674 1404
0.110025 2476362 8688
0.110267 2486498 10136
0.110268 2487902 1404
0.111031 2499486 11584
0.111265 2506726 7240
0.111266 2508130 1404
0.112463 2513922 5792
0.112714 2526954 13032
0.112727 2528358 1404
0.113645 2541390 13032
0.113895 2547182 5792
0.113896 2548586 1404
0.114644 2567410 18824
0.114657 2568814 1404
0.115396 2587638 18824
0.115404 2589042 1404
0.116749 2607866 18824
0.116761 2609270 1404
0.117240 2622302 13032
0.117490 2628094 5792
0.117491 2629498 1404
0.118348 2646874 17376
0.118588 2648322 1448
0.118588 2649726 1404
0.119090 2668550 18824
0.119102 2669954 1404
0.119392 2678642 8688
0.119642 2688778 10136
0.119643 2690182 1404
0.120159 2707558 17376
0.120401 2709006 1448
0.120403 2710410 1404
0.120898 2713306 2896
0.121143 2729234 15928
0.121158 2730638 1404
