0.001747 2896 2896
0.001801 7240 4344
0.001802 8688 1448
0.001841 14480 5792
0.001987 17376 2896
0.002037 20224 2848
0.003485 28912 8688
0.003532 31808 2896
0.003587 37600 5792
0.003588 39048 1448
0.003632 40448 1400
0.004592 43344 2896
0.004645 50584 7240
0.004696 56376 5792
0.004743 59272 2896
0.004744 60672 1400
0.005292 66464 5792
0.005307 67912 1448
0.005560 79496 11584
0.005571 80896 1400
0.006257 99720 18824
0.006268 101120 1400
0.006859 119944 18824
0.006878 121344 1400
0.007372 127136 5792
0.007609 140168 13032
0.007624 141570 1402
0.008150 156050 14480
0.008362 160394 4344
0.008363 161796 1402
0.009603 179172 17376
0.009826 180620 1448
0.009827 182022 1402
0.010862 187814 5792
0.011090 200846 13032
0.011113 202248 1402
0.011616 206592 4344
0.011841 221072 14480
0.011851 222474 1402
0.012636 239850 17376
0.012876 241298 1448
0.012877 242700 1402
0.013386 247044 4344
0.013637 261524 14480
0.013655 262926 1402
0.014388 281750 18824
0.014404 283152 1402
0.014908 290392 7240
0.015136 301976 11584
0.015155 303378 1402
0.015886 309170 5792
0.016135 322202 13032
0.016148 323604 1402
0.016890 342428 18824
0.016902 343830 1402
0.017773 355414 11584
0.017984 362654 7240
0.017984 364056 1402
0.018784 375640 11584
0.019022 382880 7240
0.019023 384282 1402
0.019543 390074 5792
0.019771 403106 13032
0.019784 404508 1402
0.020519 410300 5792
0.020770 423332 13032
0.020798 424734 1402
0.021538 442110 17376
0.021783 443558 1448
0.021783 444960 1402
0.022567 457992 13032
0.022818 463784 5792
0.022819 465186 1402
0.023815 484010 18824
0.023830 485412 1402
0.024983 504236 18824
0.024999 505638 1402
0.025471 524462 18824
0.025483 525864 1402
0.026660 538896 13032
0.026888 544688 5792
0.026888 546090 1402
0.028492 563466 17376
0.028737 564914 1448
0.028738 566316 1402
0.030232 577900 11584
0.030471 585140 7240
0.030472 586542 1402
0.031248 605366 18824
0.031279 606768 1402
0.032226 622696 15928
0.032470 625592 2896
0.032471 626994 1402
0.033003 644370 17376
0.033249 645818 1448
0.033249 647220 1402
0.034018 666044 18824
0.034032 667446 1402
0.035101 686270 18824
0.035127 687672 1402
0.036010 702152 14480
0.036235 706496 4344
0.036236 707898 1402
0.036998 726722 18824
0.037024 728124 1402
0.037941 729572 1448
0.038177 746948 17376
0.038213 748350 1402
0.038940 767174 18824
0.038951 768576 1402
0.039842 785952 17376
0.040079 787400 1448
0.040079 788802 1402
0.040817 793146 4344
0.041061 807626 14480
0.041067 809028 1402
0.042465 813372 4344
0.042693 827852 14480
0.042716 829254 1402
0.043537 845182 15928
0.043775 848078 2896
0.043775 849480 1402
0.045448 853824 4344
0.045676 868304 14480
0.045684 869706 1402
0.046692 885634 15928
0.046926 888530 2896
0.046926 889932 1402
0.047679 898620 8688
0.047914 908756 10136
0.047915 910158 1402
0.048752 928982 18824
0.048767 930384 1402
0.049888 943416 13032
0.050116 949208 5792
0.050116 950610 1402
0.050808 966538 15928
0.050895 969434 2896
0.050895 970836 1402
0.051402 976628 5792
0.051650 989660 13032
0.051675 991062 1402
0.052592 995406 4344
0.052806 1009886 14480
0.052819 1011288 1402
0.053789 1027216 15928
0.054018 1030112 2896
0.054018 1031514 1402
0.054732 1034410 2896
0.054781 1040202 5792
0.054832 1045994 5792
0.054884 1050338 4344
0.054885 1051740 1402
0.055633 1054636 2896
0.055680 1057532 2896
0.055736 1066220 8688
0.055781 1070564 4344
0.055782 1071966 1402
0.056664 1074862 2896
0.056715 1080654 5792
0.056767 1086446 5792
0.056815 1090790 4344
0.056815 1092192 1402
0.057473 1095088 2896
0.057519 1100880 5792
0.057569 1106672 5792
0.057619 1111016 4344
0.057619 1112418 1402
0.058170 1115314 2896
0.058222 1122554 7240
0.058269 1129794 7240
0.058320 1131242 1448
0.058320 1132644 1402
0.058869 1138436 5792
0.058917 1141332 2896
0.058972 1150020 8688
0.059016 1151468 1448
0.059017 1152870 1402
0.059682 1157214 4344
0.059804 1171694 14480
0.059813 1173096 1402
0.060853 1178888 5792
0.061085 1191920 13032
0.061102 1193322 1402
0.062182 1199114 5792
0.062390 1212146 13032
0.062408 1213550 1404
0.063892 1232374 18824
0.063902 1233778 1404
0.064418 1251154 17376
0.064657 1252602 1448
0.064657 1254006 1404
0.065571 1262694 8688
0.065799 1272830 10136
0.065800 1274234 1404
0.066320 1277130 2896
0.066552 1293058 15928
0.066566 1294462 1404
0.067066 1300254 5792
0.067300 1313286 13032
0.067312 1314690 1404
0.067828 1326274 11584
0.068056 1333514 7240
0.068056 1334918 1404
0.068561 1352294 17376
0.068796 1353742 1448
0.068797 1355146 1404
0.069582 1368178 13032
0.069804 1373970 5792
0.069805 1375374 1404
0.070603 1392750 17376
0.070834 1394198 1448
0.070834 1395602 1404
0.071684 1401394 5792
0.071893 1414426 13032
0.071897 1415830 1404
0.073085 1434654 18824
0.073109 1436058 1404
0.073832 1454882 18824
0.073843 1456286 1404
0.074229 1467870 11584
0.074465 1475110 7240
0.074466 1476514 1404
0.074971 1493890 17376
0.075204 1495338 1448
0.075204 1496742 1404
0.075724 1501086 4344
0.075955 1515566 14480
0.075963 1516970 1404
0.076725 1531450 14480
0.076965 1535794 4344
0.076966 1537198 1404
0.077477 1545886 8688
0.077708 1556022 10136
0.077709 1557426 1404
0.079134 1569010 11584
0.079361 1576250 7240
0.079362 1577654 1404
0.080708 1596478 18824
0.080719 1597882 1404
0.081222 1603674 5792
0.081453 1616706 13032
0.081464 1618110 1404
0.082217 1636934 18824
0.082224 1638338 1404
0.082978 1657162 18824
0.083012 1658566 1404
0.084020 1673046 14480
0.084263 1677390 4344
0.084263 1678794 1404
0.085004 1687482 8688
0.085259 1697618 10136
0.085259 1699022 1404
0.086009 1717846 18824
0.086021 1719250 1404
0.086763 1738074 18824
0.086769 1739478 1404
0.087518 1758302 18824
0.087532 1759706 1404
0.088035 1765498 5792
0.088269 1778530 13032
0.088279 1779934 1404
0.088785 1791518 11584
0.089029 1798758 7240
0.089030 1800162 1404
0.089793 1817538 17376
0.090019 1818986 1448
0.090020 1820390 1404
0.090841 1834870 14480
0.091070 1839214 4344
0.091071 1840618 1404
0.091589 1843514 2896
0.091818 1859442 15928
0.091827 1860846 1404
0.092578 1875326 14480
0.092823 1879670 4344
0.092823 1881074 1404
0.093570 1899898 18824
0.093581 1901302 1404
0.094582 1920126 18824
0.094587 1921530 1404
0.095646 1940354 18824
0.095662 1941758 1404
0.096760 1947550 5792
0.096988 1960582 13032
0.096996 1961986 1404
0.098134 1976466 14480
0.098351 1980810 4344
0.098351 1982214 1404
0.099208 2001038 18824
0.099234 2002442 1404
0.100313 2021266 18824
0.100328 2022670 1404
0.101062 2031358 8688
0.101312 2041494 10136
0.101313 2042898 1404
0.102634 2051586 8688
0.102866 2061722 10136
0.102867 2063126 1404
0.103661 2071814 8688
0.103888 2081950 10136
0.103888 2083354 1404
0.104790 2094938 11584
0.105012 2102178 7240
0.105013 2103582 1404
0.105769 2116614 13032
0.106003 2122406 5792
0.106004 2123810 1404
0.106836 2135394 11584
0.107094 2142634 7240
0.107094 2144038 1404
0.108089 2162862 18824
0.108101 2164266 1404
0.109087 2175850 11584
0.109351 2183090 7240
0.109352 2184494 1404
0.110303 2187390 2896
0.110523 2203318 15928
0.110546 2204722 1404
0.111896 2223546 18824
0.111916 2224950 1404
0.112965 2243774 18824
0.112976 2245178 1404
0.113911 2250970 5792
0.114139 2264002 13032
0.114146 2265406 1404
0.114893 2271198 5792
0.115138 2284230 13032
0.115154 2285634 1404
0.115923 2289978 4344
0.116156 2304458 14480
0.116166 2305862 1404
0.117011 2320342 14480
0.117236 2324686 4344
0.117237 2326090 1404
0.117760 2328986 2896
0.117989 2344914 15928
0.118000 2346318 1404
0.118848 2363694 17376
0.119085 2365142 1448
0.119086 2366546 1404
0.119900 2385370 18824
0.119923 2386774 1404
0.120408 2404150 17376
0.120643 2405598 1448
0.120644 2407002 1404
